INDEX

Pagiiia
1111333331, 11113111 genus contineat 11111313111133, opusc. 33
3,1;123.1,1113131)1113.1,3,1231111312,161131111183111,
d. 23q. 131 13112 .................. 23-26
,1111333331111111311133311113 31 11111131311113 31131( 1113 (11·131131 3313
13113113, 011333 363. 3, 123 11]· 1Ρ3111131,111 310: 1Ρ1113.1,1,
1113133111·3,1, 93112, 312, 1111111, 28331113111333,83111111,
11133111, iq. 16 3, 3 3313111 ............ 26-21
1131133333 VH. Utrum differentia 331113111311131 [1111113131 111 33111-
1113113111,11131)113111 3131331113311113111, opusc. 30 3 3, 11 1131331113.
1.12;1138111111111331,1,3 113,113Α1113133.123111;511111111111331,
313133131313111111121112113 21
Δ1111133333 VIII. 11113111 definitio individui 311 133131133113. 7 11313·
1111131. 23111;113Ρ31,11.93. 23111312, 153111. 112331, 131
3116 3 3311133313 33113, 83111111, Τ11331.11, 1312931
311· 31303 13313112
1111133113 11 1113111 31311111 13 propulsi 13313 1111131113. 0113339
q. 1, 13 11. 1 3, 1, 1 1131331113, i. 3 3111, 1138111111, 61331. 3. 3 311 19,
3,,1133111313,11311111133931119, [1313111323. 13,11,3
3,23111,·,3213. 131110, 183111, 1,,(133113,1,1 [11311. 133
331211233113,13112;31·,1131113,19;331111111113311111116
343111,3,113.13113;11,1,23.2361113332311311122
q. 3 3, 23 .................... 28-36
1311313331, Utrum subiectum 311 33333 efficiens propriae
passionis. 011333, 4611. 1 3. 6, 1Ρ33131.1,2,10,133111; 21. 1,
11131313131, 3.· 1133111111, 01331, 3. 11 3., (1311113133, 12 3, 133111,
11131,11.13,23112,11.211.1323183111111,111331111112333,
11.1[13,233111111,11.11363313.33131111313313111 33-31
1111133333 XI. 11111111 (13111313 accidentis sitrecte tradita. 11333131,
,11,1Ρ3131611113111131133,1,1;11.1·101.1;1113511111101331.
1233133, 113313111,331111111133,13111,3.123111,333111.
163332331313131121111.23,13113;23,111311.13,36
3181;83111111,ΤΙ1331,11.111.11313111313,1),311.23,6313,2
313112 ,,,,,,,,,,,,,,,,,,,,,,, 31- 32
,1311331331 111,113111311111333311131133 3111113111111111, 03333 30
31, 11333131. 1, 16 3111 (138311111613313 3311193133 11,113
,1111111331 123111, 183111, 1111 q. 13. 23112 ,11 23q.13. 13112,
21126 q. 1 3, 2 3112, 23, 113111, 3, 16· 81111113,Τ11331.11,133
16331113311311136311 .......... 32-33

QUAEfflO IV
[73 ANTEPRAEDIGAMENTIS ...... 33-33

1311333331,11111131133131131111131113131111333.0111133.1311,23.;1
1123111131111. 1,3, 1Ρ1113,,11 ,211131 3131111131, 2, 11. 1311, 11312
3113, 1113 ,1113Ρ3, 1311313313112, 253111, 1131113, 33113,
13,113111,33233313113311111111133111,13133911111313111 33-—33

 

